60182
17520
59377
54935
17277
59561
57651
27809
17040
57745
44712
63322
28045
24883
51028
59386
33512
49505
10573
60540
59968
29328
27370
25013
43761
44580
18875
25970
64504
63081
51093
47283
41426
15165
26602
59807
37629
49654
25617
60480
20270
21820
8909
16150
6460
28350
2532
30487
52600
60733
63215
64556
26393
60748
39476
26067
52352
46847
21091
13722
7388
40572
30171
13481
16218
44403
38083
61759
46487
61471
51773
23190
56877
5538
47448
17329
43430
33306
5997
19038
55704
1075
24743
50477
57375
43336
28584
39932
23217
65005
36343
22695
32710
48558
17206
875
4042
10233
46223
5614
59752
479
1837
46051
4996
41159
40902
34367
18101
6554
43194
53492
61669
1750
22560
18606
41452
62961
35286
39190
25703
59077
26376
41528
60413
54671
47003
1950
48957
50790
49650
29567
45043
30711
9620
50735
32590
50881
13552
35948
29640
60094
64708
26633
50068
25408
23547
23608
61425
26652
30783
5090
49632
43117
6538
35492
22604
38500
23684
62244
18497
22774
47
7526
59961
6200
53773
63403
41344
56305
21590
27387
54536
50565
20129
52085
59755
31626
8795
17014
23303
5533
17535
2011
64246
28555
25755
24058
47829
15100
33116
9269
42837
27513
23596
27636
2516
12699
33474
58898
53925
60464
3688
47431
43465
35010
34921
32604
26561
19769
20591
52469
27918
469
55420
61717
53846
49720
59727
5123
52721
13698
31970
48008
54115
44359
6785
4769
55058
20814
48154
24333
4506
28421
19921
28103
31711
42859
45858
45775
48240
47538
48889
34533
10632
15174
49544
41254
62908
42163
46715
20806
18951
44364
60317
27506
31543
14896
21119
32583
19469
59596
62049
12693
13895
64721
59840
9105
33785
48876
41898
7025
60885
61360
52187
26845
58159
10788
53394
11522
21287
65296
33148
4358
5221
19888
27454
32777
2042
17523
46650
617
1222
25831
34930
22612
2389
34055
42290
18648
17149
48761
25759
18963
8134
30125
14496
38299
59026
36841
5964
29664
37659
50157
3073
30791
58143
58836
21259
41030
25777
40871
10134
16498
50240
13795
27489
64772
49390
34142
39743
46706
53344
8032
56653
63581
11664
21854
5637
40903
31150
47075
49751
48923
14294
22562
14041
20946
54753
22915
59727
51238
2734
44213
39501
27639
36505
18560
52006
54489
25203
49660
39005
12376
23936
44636
13717
53099
51438
59421
15494
55477
45192
22732
20588
64274
57741
47989
16825
45872
33746
25340
38331
64459
54034
9929
49917
51451
55331
28690
28740
21978
35130
65201
57522
20263
28159
26084
30423
10095
40452
50272
53731
10279
38599
42836
42629
2320
14240
62024
47113
19124
65127
42437
37081
13220
3394
20798
4910
63792
18817
16783
11897
17738
4673
14625
58202
21159
17694
55682
59869
16473
64598
19497
23472
60686
11854
6589
33034
43560
63198
12369
35499
54904
18752
37500
36976
390
23140
1688
33375
37176
39100
57251
62561
7942
11504
58366
23216
23877
2067
45598
45510
29553
33994
23671
57049
26447
49878
23650
49656
33560
42165
17479
54982
17505
50946
39851
61677
28374
52696
10352
42000
30441
63333
14274
63524
54759
20686
41777
22939
39067
5479
47959
9196
56829
23705
40379
35890
10882
4745
63314
7180
47407
26483
50326
55698
64286
6960
15259
56277
37798
53937
61546
35528
34957
38308
12345
33055
27943
38971
2326
50646
49907
4431
466
23763
1252
25934
62791
31228
6579
52121
9437
39663
43050
33659
32017
37152
52272
262
19231
60197
26328
22063
41509
63524
3365
47709
18241
52879
60097
46
54436
48952
42435
9988
33419
37392
61774
63934
38850
60017
27687
57055
22826
34908
12568
64899
40356
35363
3814
38739
10609
51652
18243
46908
7722
23007
28076
61507
8974
39738
8914
3307
12454
29702
62772
65312
60200
41268
17992
45061
15513
40783
15135
10096
64194
11853
8766
57803
10757
23230
25698
41298
13561
20711
48592
64227
54759
5083
46933
51188
37608
48666
56316
21436
29675
57905
6305
60151
60236
23477
53089
41083
62066
47711
6294
59193
52267
63013
14326
45147
10855
19017
42139
15493
5414
41599
63649
50634
41110
38702
26323
44819
33077
26627
52426
27059
57976
1452
23581
50414
38630
4056
2131
45492
5276
43780
12035
39066
34419
25817
13969
28216
7468
42528
29789
35725
21824
49315
32559
39597
61752
50727
64663
23650
22160
32340
61966
46936
61368
62380
2799
1499
22919
52895
7585
26995
57731
43198
27169
38143
9413
29720
40253
56223
10648
17255
1102
54791
53300
8694
40813
56793
60800
9565
55827
20703
19929
37532
48712
45422
33202
25338
62234
36697
64178
61100
58936
49835
12833
15037
10410
4218
24826
51323
29153
20293
37759
44507
30957
40294
28013
49941
5102
7588
58828
22966
59386
60886
14664
63299
41473
63142
46390
8503
53724
43813
13100
19505
22037
34933
53872
19553
63261
59996
57646
17576
42500
46727
61436
33686
31639
9929
44707
13569
25344
8168
44560
29555
34183
40964
14462
28985
27956
53852
41749
62763
10543
49017
21331
50646
59876
46602
64221
20171
54142
53970
38477
31105
38061
15021
39711
32221
29828
63960
36522
10374
30420
13435
22477
34359
16569
40875
57239
1693
2478
42063
42573
28168
65102
14435
31338
30374
35745
23487
27321
59238
31259
17787
52135
29515
6469
2848
61091
42728
60882
54431
12619
63144
61083
19631
52481
3606
55194
50608
20286
27238
3692
44384
41791
8126
309
9762
57072
11511
28732
35069
41900
43887
15176
55559
26501
25562
49017
52385
47516
15531
40828
37990
58384
42505
43183
22468
52248
41369
638
62897
48572
34062
44034
49476
53217
52283
40227
4220
42991
40534
28222
47931
50723
26751
55849
25546
56502
43450
35867
11660
31020
49317
42084
37770
61463
60760
1451
25704
50401
28877
34629
40226
61710
39485
29180
23877
31980
63933
29211
32542
55120
55406
19811
20987
36555
31256
62574
30045
19750
46169
57096
7942
53810
46241
22610
64603
48359
45754
25752
1837
5758
4425
5536
51047
10736
35698
27965
41977
24595
30228
46955
46833
50476
28405
36675
34752
62711
44075
29463
42294
23917
17714
60932
13123
52224
33932
24310
37106
50239
34864
22534
34311
11861
5948
27728
18155
65529
47022
8038
48635
57137
18166
1831
11380
44060
59027
12530
28683
59933
10917
33845
13885
14686
36342
22690
41142
19465
7474
21484
26636
55018
42244
5172
18626
2053
64371
18280
29501
44707
63516
53041
